exercise,first_name,last_name,rating,date
Flex met boxen,Fergus,Crowther,5,2021-10-29
Commandline commands,Monica,Bartaloni,5,2021-01-05
Read that data,Prissie,Prangle,5,2021-10-26
Maak een kattenwebsite,Florida,Ambrogiotti,3,2021-07-17
Maak een kattenwebsite,Sherrie,Hadfield,4,2021-10-21
Read that data,Janis,Binns,4,2021-02-02
Read that data,Nappy,Klimsch,1,2021-09-20
Flex met boxen,Shelba,Yurevich,5,2021-10-08
Hover kan je gaan,Dukie,Revening,4,2021-02-26
Flex met boxen,Kristofor,Bickley,5,2021-05-27
Commandline commands,Pascale,Duetschens,2,2021-08-02
Read that data,Hans,McLaughlin,5,2021-10-07
Flex met boxen,Jayme,Daelman,4,2021-10-16
Hover kan je gaan,Jolie,Jewiss,4,2020-12-17
Hover kan je gaan,Port,Ferrettini,5,2021-07-23
Read that data,Aurel,Shankland,2,2021-02-04
Flex met boxen,Cheri,Mays,4,2021-01-09
Read that data,Marybeth,Fencott,5,2021-03-18
Hover kan je gaan,Ganny,McReedy,2,2021-10-15
Hover kan je gaan,Mallorie,Augustin,5,2020-12-31
Read that data,Anthia,Ritch,4,2021-09-26
Read that data,Crystal,Averall,1,2021-08-15
Hover kan je gaan,Emlyn,Hughman,5,2021-11-04
Hover kan je gaan,Goober,Crisall,4,2021-02-03
Maak een kattenwebsite,Jacinthe,Hatliffe,1,2021-03-25
Maak een kattenwebsite,Johnny,Durkin,4,2021-07-28
Read that data,Gardiner,Harold,3,2021-02-16
Hover kan je gaan,Erda,McLeod,5,2021-11-06
Flex met boxen,Fidela,Crich,5,2021-08-04
Read that data,Konstantine,Gillian,1,2021-03-15
Flex met boxen,Margarita,Huntress,1,2021-03-06
Commandline commands,Maurizia,Castagnasso,4,2021-04-02
Maak een kattenwebsite,Etty,Beeres,5,2021-11-23
Read that data,Carrissa,Devey,3,2021-08-20
Hover kan je gaan,Kienan,Wyldbore,2,2021-09-25
Maak een kattenwebsite,Ashlen,Billitteri,4,2021-04-11
Hover kan je gaan,Jerrold,Scrauniage,3,2021-08-28
Hover kan je gaan,Filide,Tuffin,2,2021-08-15
Maak een kattenwebsite,Neala,Noad,1,2021-07-19
Hover kan je gaan,Johanna,Yearns,4,2021-06-26
Read that data,Donall,Butterley,2,2021-01-05
Maak een kattenwebsite,Lira,Jewitt,2,2021-10-03
Read that data,Basia,Baribal,2,2021-04-27
Read that data,Cinderella,Arrowsmith,3,2021-02-04
Flex met boxen,Roxy,McCurlye,4,2021-07-06
Hover kan je gaan,Brear,Illston,4,2021-05-13
Commandline commands,Jeannette,Sudy,5,2021-06-26
Hover kan je gaan,Fania,Cawkwell,5,2021-11-04
Hover kan je gaan,Fanny,Vanyashkin,5,2021-04-15
Hover kan je gaan,Fax,Stean,4,2021-08-27
Commandline commands,Gabbey,Iannello,5,2021-08-17
Read that data,Jermaine,Imore,2,2021-06-06
Commandline commands,Thorin,Towne,4,2021-08-13
Commandline commands,Erwin,Maciak,3,2020-12-22
Read that data,Myer,Extence,3,2021-02-11
Maak een kattenwebsite,Artus,Lenard,1,2020-12-22
Hover kan je gaan,Lissa,Bertelsen,1,2021-09-03
Maak een kattenwebsite,Gustaf,Schwaiger,1,2021-03-24
Flex met boxen,Beaufort,MacSkeaghan,4,2021-11-11
Read that data,Cedric,Wyse,4,2021-01-29
Maak een kattenwebsite,Noak,Barts,3,2021-07-12
Read that data,Neel,Avo,1,2021-11-15
Flex met boxen,Verile,Tidd,5,2021-11-04
Read that data,Elka,Catterill,1,2021-01-29
Maak een kattenwebsite,Abramo,Goneau,4,2021-11-05
Hover kan je gaan,Glenna,Utteridge,1,2021-06-09
Read that data,Vinita,Runcie,4,2021-04-05
Maak een kattenwebsite,Billi,Alsopp,1,2021-03-07
Maak een kattenwebsite,Curry,Beales,2,2021-10-15
Flex met boxen,Shelton,Stancer,4,2021-07-02
Flex met boxen,Morgun,Keppie,5,2021-08-20
Flex met boxen,Andreana,Northgraves,5,2021-06-24
Hover kan je gaan,Timoteo,Prandini,2,2021-05-29
Maak een kattenwebsite,Jeddy,Jozefiak,3,2021-07-07
Read that data,Braden,Cottis,2,2021-10-11
Flex met boxen,Rick,Hellcat,5,2021-06-28
Read that data,Gillan,Whitsey,1,2020-12-23
Hover kan je gaan,Erina,Rooson,5,2021-06-26
Hover kan je gaan,Abba,Watson,2,2021-01-07
Hover kan je gaan,Langsdon,Hawney,4,2021-03-03
Hover kan je gaan,Denyse,Rivers,5,2021-09-04
Commandline commands,Cathee,Gomez,5,2020-12-21
Commandline commands,Marge,Creek,3,2021-11-21
Flex met boxen,Bernardo,Guilloux,5,2021-09-19
Read that data,Jilly,Neem,3,2021-10-10
Flex met boxen,Andra,Klasen,3,2021-06-14
Flex met boxen,Binnie,Sibthorp,2,2020-12-15
Flex met boxen,Gillian,Sanbroke,3,2021-10-21
Read that data,Kale,Mangeot,2,2021-02-12
Commandline commands,Joye,Squelch,3,2021-11-23
Maak een kattenwebsite,Deeanne,Blesing,5,2021-11-02
Flex met boxen,Aurel,Caslett,5,2021-06-26
Read that data,Chrystal,Muehler,1,2021-02-28
Commandline commands,Jaymie,Paolini,2,2021-05-08
Read that data,Claudelle,Kennerknecht,1,2021-01-21
Hover kan je gaan,Stephanus,Greaser,2,2021-04-02
Read that data,Nathanial,Grivori,5,2021-04-21
Maak een kattenwebsite,Letti,Bendan,2,2021-01-14
Hover kan je gaan,Berget,Roseaman,1,2020-12-24
Commandline commands,Elizabet,Warters,2,2021-01-23
Commandline commands,Shaine,Tournay,3,2021-04-27
Commandline commands,Carmine,Ca,2,2021-10-21
Hover kan je gaan,Derrik,Blencoe,4,2021-10-11
Flex met boxen,Wildon,Frankes,4,2021-05-23
Read that data,Lanie,Tremathick,4,2021-04-01
Read that data,Roanne,Gandey,5,2021-07-07
Read that data,Priscella,Dimitrijevic,2,2021-01-25
Hover kan je gaan,Peggy,Darinton,1,2021-04-16
Flex met boxen,Lance,Arondel,5,2021-08-07
Maak een kattenwebsite,Finley,Desseine,1,2020-12-27
Commandline commands,Arvin,Burbank,5,2021-09-04
Read that data,Tania,O'Moylan,4,2021-11-20
Commandline commands,Lynnett,Larmett,4,2021-04-06
Read that data,Lynnelle,Virgin,1,2021-10-07
Read that data,Aurore,MacMichael,3,2021-08-01
Flex met boxen,Minnnie,Fifoot,2,2021-04-19
Commandline commands,Herb,Jeffcoat,3,2021-05-24
Commandline commands,Florrie,Sapson,5,2021-08-08
Maak een kattenwebsite,Farand,Duigan,4,2021-09-03
Read that data,Sharla,Brundill,5,2021-09-12
Read that data,Anabal,Pressdee,4,2021-06-09
Maak een kattenwebsite,Corabel,Skeene,1,2021-09-26
Maak een kattenwebsite,Edi,Weaben,2,2021-05-02
Read that data,Mick,Farnaby,4,2021-11-24
Read that data,Jenine,Signoret,2,2021-10-27
Read that data,Cecelia,Dibley,2,2021-10-12
Hover kan je gaan,Enriqueta,Besant,4,2021-07-25
Commandline commands,Mavra,Wackly,3,2021-03-08
Hover kan je gaan,Loreen,Golding,4,2021-01-09
Hover kan je gaan,Eugen,Leathers,2,2021-01-14
Commandline commands,Zaria,Guiet,4,2020-12-16
Hover kan je gaan,Bridget,Pache,4,2021-11-23
Read that data,Prudi,Vondrach,4,2021-05-31
Flex met boxen,Athena,Southon,5,2021-11-20
Read that data,Teresita,Meletti,1,2021-10-14
Hover kan je gaan,Minta,Bearne,3,2021-07-19
Hover kan je gaan,Stacie,Robrow,2,2021-05-12
Hover kan je gaan,Jade,Alpin,3,2021-11-23
Maak een kattenwebsite,Susi,Lally,3,2021-06-01
Hover kan je gaan,Job,Rennolds,2,2021-08-21
Hover kan je gaan,Rosalyn,Cristofolo,4,2021-06-08
Hover kan je gaan,Franky,Dytham,1,2021-06-16
Maak een kattenwebsite,Merlina,Cupitt,5,2021-09-17
Read that data,Dinnie,Addenbrooke,1,2021-09-07
Maak een kattenwebsite,Gina,Lepper,4,2021-11-14
Hover kan je gaan,Janeczka,Pingston,3,2021-03-21
Maak een kattenwebsite,Mirabel,Roberti,5,2021-05-07
Read that data,Broderick,Mathon,4,2021-01-06
Flex met boxen,Jenny,Stivers,4,2020-12-29
Maak een kattenwebsite,Piper,Coolican,1,2021-07-27
Maak een kattenwebsite,Lonnie,Tonkinson,1,2021-11-10
Commandline commands,Veronique,Trench,5,2021-03-11
Hover kan je gaan,Annice,Pietranek,2,2021-09-25
Maak een kattenwebsite,Korry,Brittain,1,2021-05-30
Read that data,Herold,Pestor,5,2021-03-20
Commandline commands,Ida,Chaudron,1,2021-03-16
Flex met boxen,Alfonso,Nockalls,5,2021-09-22
Commandline commands,Gavan,Doale,1,2021-03-12
Read that data,Rayshell,Beurich,5,2021-09-26
Flex met boxen,Cara,Langer,4,2020-12-16
Hover kan je gaan,Jesse,Dell Casa,3,2021-10-02
Flex met boxen,Loutitia,Cotes,1,2020-12-20
Hover kan je gaan,Paten,Dean,2,2021-01-01
Maak een kattenwebsite,Hamilton,Sangwine,4,2021-10-03
Commandline commands,Wylie,Wyllcock,2,2021-07-27
Commandline commands,Heloise,Weblin,4,2021-05-20
Flex met boxen,Sansone,Bertomier,4,2021-09-27
Read that data,Cass,Dufour,4,2021-05-01
Commandline commands,Bord,Fardo,2,2021-03-09
Maak een kattenwebsite,Field,Scotchbourouge,2,2021-05-03
Hover kan je gaan,Phineas,Fazackerley,1,2020-12-03
Flex met boxen,Birdie,Benazet,1,2020-12-13
Hover kan je gaan,Jervis,Chaudrelle,5,2021-05-21
Hover kan je gaan,Idalina,Clarabut,5,2021-07-26
Commandline commands,Merrielle,Bottrell,3,2021-06-25
Maak een kattenwebsite,Rikki,Ninnis,3,2021-06-29
Read that data,Felice,Welldrake,3,2021-01-21
Hover kan je gaan,Callida,Dranfield,2,2021-06-23
Read that data,Arielle,McGhie,1,2021-02-15
Maak een kattenwebsite,Britteny,Lindenbaum,2,2021-03-16
Read that data,Olive,Rymer,2,2021-01-13
Maak een kattenwebsite,Elita,Northrop,4,2021-11-05
Commandline commands,Edsel,Stabler,1,2021-01-21
Commandline commands,Berri,Braysher,3,2021-06-10
Hover kan je gaan,Klarrisa,Doxey,4,2021-03-02
Maak een kattenwebsite,Stanislas,Benley,4,2021-04-08
Maak een kattenwebsite,Sabra,Sonnenschein,5,2021-02-27
Hover kan je gaan,Eugenius,Gladdifh,3,2021-06-04
Maak een kattenwebsite,Julissa,Conisbee,3,2021-01-10
Hover kan je gaan,Agata,Zanuciolii,5,2021-02-20
Read that data,Meridel,Tooke,2,2021-06-17
Commandline commands,Lillian,Spours,2,2021-09-06
Commandline commands,Ash,Van der Hoeven,3,2021-05-16
Read that data,Morganica,Noods,2,2021-05-05
Maak een kattenwebsite,Merlina,Morican,5,2020-12-04
Commandline commands,Shelby,Chazelas,1,2021-01-06
Maak een kattenwebsite,Buddy,Spain,4,2020-12-04
Maak een kattenwebsite,Buffy,Gandey,4,2020-12-27
Read that data,Nissy,Macura,4,2021-01-24
Read that data,Livy,Kirton,2,2021-06-07
Maak een kattenwebsite,Alf,Beddie,5,2021-10-14
Flex met boxen,Merrili,Alfonsetto,5,2021-05-14
Flex met boxen,Hermon,Akrigg,5,2021-08-07
Read that data,Micki,Gyer,2,2021-02-14
Commandline commands,Trevor,Priddie,5,2021-08-05
Read that data,Fenelia,Flisher,2,2021-09-02
Commandline commands,Arvin,Southern,2,2021-11-29
Maak een kattenwebsite,Rivy,Andrysiak,2,2021-01-03
Commandline commands,Garrik,Naisbitt,4,2020-12-19
Read that data,Hillary,O'Cannon,3,2021-06-17
Flex met boxen,Manny,McCuaig,4,2021-01-25
Hover kan je gaan,Alwin,Ryam,5,2021-10-31
Flex met boxen,Torey,Standidge,5,2021-10-12
Maak een kattenwebsite,Giffie,Trustrie,2,2021-08-09
Flex met boxen,Miquela,Baggaley,4,2021-08-18
Read that data,Jerrold,Dows,5,2021-01-27
Flex met boxen,Solomon,Armour,3,2021-06-15
Maak een kattenwebsite,Tedra,Phippard,5,2021-05-30
Read that data,Georgianne,O' Driscoll,2,2021-02-08
Hover kan je gaan,Phaidra,Bladge,4,2021-09-11
Hover kan je gaan,Jerad,Blaszczyk,4,2021-10-30
Hover kan je gaan,Benyamin,Morland,4,2021-09-10
Read that data,Celia,Ortas,2,2021-04-21
Read that data,Jobi,Capini,5,2021-02-07
Hover kan je gaan,Jule,Nairns,5,2021-06-08
Flex met boxen,Brenn,Moxted,2,2021-04-02
Commandline commands,Gui,Gunton,3,2021-02-10
Read that data,Ethan,Thorius,2,2020-12-25
Commandline commands,Denice,Brigshaw,5,2021-10-05
Hover kan je gaan,Noll,Tetsall,2,2020-12-17
Commandline commands,Francine,Credland,5,2021-02-26
Hover kan je gaan,Timmi,Vowden,2,2021-01-30
Hover kan je gaan,Stace,Trahmel,2,2021-04-30
Hover kan je gaan,Tom,Jubert,1,2021-02-14
Hover kan je gaan,Deana,MacArthur,4,2021-05-18
Flex met boxen,Rheba,Pollicott,5,2021-07-12
Hover kan je gaan,Luis,Ashment,2,2021-06-25
Maak een kattenwebsite,Charlot,Chater,1,2021-11-15
Hover kan je gaan,Wood,Toppas,3,2021-09-05
Hover kan je gaan,Chiquia,Smithson,3,2021-06-19
Maak een kattenwebsite,Wayne,Coppo,1,2021-09-12
Maak een kattenwebsite,Lauryn,Sanzio,4,2021-02-01
Commandline commands,Clayton,Mongenot,1,2021-04-15
Read that data,Myrah,Butrimovich,5,2021-06-22
Flex met boxen,Gordan,Aleksich,4,2021-10-17
Hover kan je gaan,Bibi,Edmundson,3,2021-11-13
Read that data,Clarinda,Clousley,1,2021-08-27
Read that data,Nelle,Peeters,5,2020-12-26
Read that data,Judy,Ullock,5,2021-09-19
Read that data,Debor,Osmar,2,2021-07-04
Hover kan je gaan,Lottie,Crow,4,2021-09-10
Read that data,Sandy,Brightling,1,2021-11-02
Commandline commands,Dunn,Pilbeam,2,2021-08-14
Commandline commands,Markos,Godridge,2,2021-06-26
Flex met boxen,Ave,Ickowics,5,2021-11-24
Maak een kattenwebsite,Celle,Fielder,3,2021-05-02
Maak een kattenwebsite,Mildrid,MacDirmid,3,2021-08-31
Commandline commands,Penrod,Storre,3,2021-06-27
Hover kan je gaan,Zara,Molan,4,2021-01-25
Commandline commands,Chickie,O' Faherty,3,2020-12-22
Read that data,Nicoli,Goakes,2,2021-04-23
Flex met boxen,Alanna,Gosnay,5,2021-02-01
Flex met boxen,Bartholomeus,Lascell,2,2021-04-09
Flex met boxen,Patrizio,Emtage,5,2021-07-01
Maak een kattenwebsite,Jarvis,Middler,3,2020-12-01
Maak een kattenwebsite,Gill,Mattusevich,3,2021-07-30
Flex met boxen,Kalila,Ferras,5,2021-05-10
Read that data,Leda,Hardware,2,2021-10-23
Read that data,Marcile,Lyles,3,2021-02-12
Flex met boxen,Gabriellia,Beauchop,2,2021-02-27
Maak een kattenwebsite,Lincoln,Corradino,2,2020-12-10
Flex met boxen,Jocko,Kenvin,3,2021-09-10
Maak een kattenwebsite,Wolfy,Ghidoli,3,2021-02-08
Commandline commands,Christie,Cajkler,4,2021-09-07
Hover kan je gaan,Marguerite,Farlham,5,2021-07-05
Flex met boxen,Gregor,Wilbor,4,2021-01-10
Flex met boxen,Clyve,Ollander,3,2021-01-30
Flex met boxen,Christan,Hoyle,3,2021-06-30
Maak een kattenwebsite,Archibaldo,Espino,4,2021-03-20
Commandline commands,Alden,Vassay,5,2021-10-03
Commandline commands,Lucie,Nowick,5,2020-12-24
Hover kan je gaan,Debera,Norvel,2,2021-04-18
Maak een kattenwebsite,Tonie,Kinnach,5,2021-08-04
Read that data,Felike,Gaddes,2,2021-07-27
Maak een kattenwebsite,Margret,McNaught,2,2021-01-12
Flex met boxen,Charley,Godsal,3,2021-02-22
Flex met boxen,Humfried,Vayro,2,2021-02-25
Flex met boxen,Bernard,Gellately,5,2021-11-14
Flex met boxen,Roxanna,Lapthorn,4,2020-12-23
Flex met boxen,Margo,Carlsson,5,2021-06-04
Flex met boxen,Theda,Trunchion,4,2021-04-26
Flex met boxen,Alasdair,Forster,5,2021-08-19
Hover kan je gaan,Aldus,McAlarney,2,2021-04-27
Commandline commands,Margaret,Swindley,4,2021-01-16
Hover kan je gaan,Hyatt,Tangye,3,2021-03-01
Flex met boxen,Harley,Topham,5,2021-10-05
Hover kan je gaan,Damon,Blesli,5,2020-12-04
Flex met boxen,Lucilia,Durrans,5,2021-09-09
Maak een kattenwebsite,Dehlia,Segebrecht,5,2021-04-27
Read that data,Tudor,Bosnell,2,2021-05-02
Maak een kattenwebsite,Uri,Asser,1,2021-03-13
Commandline commands,Galvan,Morewood,5,2021-09-11
Hover kan je gaan,Gram,Flowitt,5,2021-04-19
Flex met boxen,Robenia,Ramsdell,2,2021-01-04
Hover kan je gaan,Erika,Wills,1,2021-02-27
Commandline commands,Mickie,Marzelli,3,2021-10-04
Hover kan je gaan,Jeddy,Cownden,3,2021-03-01
Read that data,Graig,Lawrance,1,2021-08-17
Flex met boxen,Aili,Dickenson,5,2021-08-05
Read that data,Hesther,Filipponi,1,2021-10-08
Commandline commands,Sheridan,O'Brallaghan,2,2021-10-23
Maak een kattenwebsite,Marlena,Titford,3,2021-08-07
Read that data,Kingsley,Hewertson,2,2021-09-02
Commandline commands,Rodie,Duncombe,4,2021-01-21
Maak een kattenwebsite,Mignonne,Mieville,4,2021-02-09
Maak een kattenwebsite,Andy,Thorp,3,2020-12-22
Read that data,Marga,Devorill,1,2020-12-22
Flex met boxen,Carlee,Garnam,3,2021-04-12
Commandline commands,Patten,Brixey,4,2021-07-15
Read that data,Jacklin,Swaisland,5,2021-06-24
Hover kan je gaan,Caryn,Durning,5,2021-02-20
Hover kan je gaan,Gloriane,MacDirmid,1,2021-03-08
Commandline commands,Freddi,Jillard,5,2020-12-29
Flex met boxen,Vanni,Luppitt,1,2021-02-03
Commandline commands,Guthrey,Camilleri,2,2021-05-09
Flex met boxen,Kirby,Schuelcke,5,2021-05-30
Maak een kattenwebsite,Lannie,Sarsons,4,2021-10-29
Commandline commands,Alma,Ryton,4,2021-07-28
Hover kan je gaan,Duke,Fihelly,5,2021-01-24
Commandline commands,Devondra,Banaszkiewicz,5,2021-06-14
Hover kan je gaan,Averill,Waterfall,2,2021-09-12
Read that data,Etienne,Berens,3,2021-01-04
Hover kan je gaan,Grazia,Malbon,2,2021-05-12
Maak een kattenwebsite,Brocky,Camies,3,2021-05-23
Hover kan je gaan,Cindy,Proschek,4,2020-12-14
Hover kan je gaan,Christye,Stoneley,2,2021-08-17
Maak een kattenwebsite,Eugenie,Dutteridge,2,2021-10-04
Commandline commands,Gwenora,Atcherley,2,2021-06-01
Read that data,Culley,Bussell,3,2021-08-09
Hover kan je gaan,Tomlin,Assender,2,2021-07-13
Commandline commands,Mahalia,Letixier,4,2021-04-11
Maak een kattenwebsite,Bailey,Overy,3,2021-07-30
Maak een kattenwebsite,Katharina,Romeuf,1,2021-06-24
Commandline commands,Washington,Manicomb,4,2021-12-02
Maak een kattenwebsite,Smith,Kleeborn,5,2021-09-18
Commandline commands,Rob,Daveley,1,2021-06-03
Hover kan je gaan,Petey,Veazey,1,2021-09-02
Commandline commands,Court,Summersby,3,2021-10-19
Read that data,Gus,Blackaller,1,2021-05-06
Commandline commands,Desi,Pyvis,5,2021-04-16
Read that data,Erv,Infantino,3,2021-03-05
Flex met boxen,Phelia,Hakewell,5,2021-11-16
Hover kan je gaan,Ada,O'Loughnan,4,2021-04-02
Flex met boxen,Denni,Dibdale,2,2021-03-25
Maak een kattenwebsite,Herold,Franckton,1,2021-01-26
Flex met boxen,Sharity,Judkins,1,2021-03-17
Hover kan je gaan,Micheal,Mazzey,3,2021-03-15
Commandline commands,Zacharie,Bemlott,4,2021-08-29
Hover kan je gaan,Allyson,Scarasbrick,5,2021-02-08
Commandline commands,Hillary,Ferrillio,3,2021-05-12
Hover kan je gaan,Graehme,Daintith,1,2021-10-06
Hover kan je gaan,Sibyl,Dearden,5,2021-07-21
Flex met boxen,Dominique,Iorns,1,2020-12-27
Flex met boxen,Alvera,Strafford,5,2021-05-27
Maak een kattenwebsite,Mollee,Cund,4,2021-02-12
Flex met boxen,Bibi,Straffon,5,2021-10-20
Commandline commands,Nickolaus,McEntagart,2,2021-04-18
Hover kan je gaan,Chlo,Jirieck,1,2021-08-07
Read that data,Fianna,Edgson,2,2021-07-21
Maak een kattenwebsite,Ambros,Gilpin,1,2021-02-05
Hover kan je gaan,Teressa,Bassom,5,2021-03-14
Maak een kattenwebsite,Leilah,Barsby,3,2021-01-01
Maak een kattenwebsite,Mattie,Danielou,1,2021-07-23
Flex met boxen,Eb,Cubuzzi,3,2021-07-26
Read that data,Farleigh,Sidden,2,2021-07-17
Hover kan je gaan,Fonsie,Wiffield,5,2021-10-11
Flex met boxen,Celka,Lafranconi,3,2021-03-07
Hover kan je gaan,Clemens,Swindells,3,2021-03-29
Maak een kattenwebsite,Allyson,Gosland,4,2021-01-07
Hover kan je gaan,Cristiano,Shilladay,4,2021-10-09
Commandline commands,Harlene,Gatling,2,2021-07-07
Flex met boxen,Merralee,Scoyne,4,2020-12-08
Read that data,Bronson,Ratlee,4,2021-08-29
Read that data,Jacintha,Reidshaw,5,2020-12-08
Commandline commands,Seward,Ertelt,2,2021-06-25
Hover kan je gaan,Stormy,Kinver,4,2021-02-24
Commandline commands,Lorne,Stienham,5,2021-02-27
Maak een kattenwebsite,Fae,Icke,4,2021-02-12
Hover kan je gaan,Darius,Scarrisbrick,4,2021-03-05
Flex met boxen,Elden,Pogson,5,2021-05-14
Hover kan je gaan,Mabel,Sabbins,5,2021-08-13
Commandline commands,Nadeen,Ebrall,1,2021-08-21
Flex met boxen,Mariel,Veasey,5,2021-01-07
Read that data,Olvan,MacGaughey,2,2020-12-01
Flex met boxen,Norma,Marr,4,2021-01-06
Maak een kattenwebsite,Carolee,Wilshere,3,2020-12-28
Commandline commands,Harold,MacCall,5,2021-07-02
Commandline commands,Malia,Parfrey,4,2021-09-11
Flex met boxen,Gerhard,Sharper,4,2021-06-19
Flex met boxen,Melicent,Maw,2,2021-01-06
Hover kan je gaan,Eleanora,Croft,5,2021-04-27
Flex met boxen,Charyl,Gromley,1,2021-01-09
Read that data,Jourdan,Mixter,3,2021-02-01
Hover kan je gaan,Colene,Ferschke,1,2021-10-01
Flex met boxen,Amandie,McGrotty,5,2021-05-17
Maak een kattenwebsite,Almeta,Trimming,5,2021-03-12
Maak een kattenwebsite,Holmes,Sidsaff,4,2021-04-06
Read that data,Shaylah,Daymont,4,2021-09-18
Commandline commands,Frasier,Lenox,2,2021-10-14
Read that data,Paola,Timewell,4,2021-04-04
Flex met boxen,Bren,Sweatman,1,2020-12-24
Flex met boxen,Kym,Aird,5,2021-07-02
Commandline commands,Ealasaid,Heathcott,3,2021-06-24
Hover kan je gaan,Bone,Le Frank,4,2021-01-20
Maak een kattenwebsite,Inesita,Creamen,2,2021-01-17
Commandline commands,Alano,Sheryne,4,2021-01-07
Maak een kattenwebsite,Pauline,McCloid,5,2021-03-21
Flex met boxen,Vannie,Withnall,5,2021-05-03
Maak een kattenwebsite,Thomas,Bedding,5,2021-01-12
Hover kan je gaan,Lanie,Iorns,5,2021-07-01
Flex met boxen,Robbie,Cohalan,4,2021-06-29
Commandline commands,Malia,Walshe,5,2021-09-21
Commandline commands,Patience,Marginson,4,2021-05-21
Read that data,Caz,Stonelake,4,2021-01-29
Hover kan je gaan,Billye,Macourek,2,2021-03-09
Maak een kattenwebsite,Briggs,West-Frimley,4,2021-08-06
Maak een kattenwebsite,Lillian,Steinham,1,2021-11-12
Read that data,Domini,Waterhouse,3,2020-12-20
Maak een kattenwebsite,Tiff,Spofforth,2,2021-10-20
Maak een kattenwebsite,Deanna,McAlinion,5,2021-10-22
Maak een kattenwebsite,Florina,Battin,5,2021-09-05
Commandline commands,Roda,Zorzi,2,2021-05-29
Read that data,Westbrook,Dartnall,3,2021-05-12
Commandline commands,Pennie,Serraillier,1,2021-08-02
Maak een kattenwebsite,Ricky,Insworth,3,2021-05-18
Maak een kattenwebsite,Reube,Gotobed,2,2021-08-28
Read that data,Jerrilyn,Cumbridge,2,2021-06-15
Commandline commands,Carine,Bartoszewicz,1,2021-08-03
Flex met boxen,Daisy,Maddin,5,2021-09-26
Flex met boxen,Shay,Melonby,5,2021-05-26
Hover kan je gaan,Annemarie,Look,1,2021-07-28
Read that data,Bev,Torns,3,2021-02-11
Flex met boxen,Rivkah,Blaze,1,2021-04-19
Maak een kattenwebsite,Aurelea,Paxman,5,2021-08-28
Read that data,Fanni,Molyneaux,1,2021-10-30
Hover kan je gaan,Abagail,Bowgen,1,2021-01-31
Commandline commands,Melody,Keuneke,4,2020-12-10
Flex met boxen,Adaline,Kestin,1,2021-03-18
Read that data,Clementina,Lantiff,5,2021-03-29
Maak een kattenwebsite,Holly,Hannon,3,2021-02-08
Flex met boxen,Pris,Dredge,5,2021-08-13
Read that data,Hillary,Dank,2,2021-05-25
Maak een kattenwebsite,Micah,Southcombe,2,2021-04-15
Hover kan je gaan,Caren,Melesk,1,2021-11-14
Commandline commands,Roxy,Jindrich,5,2020-12-07
Read that data,Gisele,Ilyunin,5,2021-06-23
Maak een kattenwebsite,Tyson,Iggo,4,2021-05-10
Flex met boxen,Krista,Molyneux,1,2021-02-27
Hover kan je gaan,Ellyn,Bruyntjes,1,2021-06-07
Commandline commands,Josepha,Shackleton,3,2021-03-31
Hover kan je gaan,Erna,Huxley,1,2021-11-16
Commandline commands,Gerick,Nevin,4,2021-04-30
Flex met boxen,Burlie,Livingston,5,2021-07-28
Hover kan je gaan,Kassandra,Melly,1,2021-02-25
Flex met boxen,Randell,Stonner,2,2021-03-09
Flex met boxen,Ryann,Andreasson,2,2021-04-13
Hover kan je gaan,Ramonda,Eagleston,4,2020-12-18
Maak een kattenwebsite,Hermy,Tennant,1,2021-07-26
Read that data,Guenevere,Fitton,3,2021-05-31
Read that data,Cecily,McKinie,3,2021-05-26
Read that data,Bud,Kubasek,5,2021-03-11
Read that data,Ilise,O' Gara,2,2021-02-27
Read that data,Rubetta,Ballchin,1,2021-03-26
Flex met boxen,Bink,Garth,4,2021-08-16
Hover kan je gaan,Dianne,Okroy,5,2021-08-24
Read that data,Merline,Jakubowicz,1,2021-02-01
Read that data,Hertha,Duguid,4,2021-05-16
Commandline commands,Noemi,Wisher,5,2021-06-24
Flex met boxen,Beret,Wyett,1,2020-12-17
Read that data,Fee,Capstack,3,2021-09-03
Maak een kattenwebsite,Margarette,Fairbridge,3,2021-07-09
Commandline commands,Arline,Phalip,3,2021-09-11
Maak een kattenwebsite,Bunny,Leckey,1,2021-10-27
Hover kan je gaan,Amalita,Denisovo,1,2020-12-15
Read that data,Conny,Joron,3,2021-09-05
Hover kan je gaan,Christean,Willwood,5,2021-04-02
Commandline commands,Sidoney,Verbruggen,1,2020-12-04
Maak een kattenwebsite,Netty,Proswell,3,2021-07-04
Flex met boxen,Sigmund,Steinor,5,2021-05-06
Flex met boxen,Norby,Rolfe,4,2021-06-15
Flex met boxen,Pattie,Feander,2,2021-07-01
Flex met boxen,Wally,Poinsett,3,2021-01-20
Flex met boxen,Floria,Cristofor,1,2021-02-18
Read that data,Garik,Jachimiak,3,2021-07-03
Flex met boxen,Vivi,Drable,4,2021-04-03
Maak een kattenwebsite,Linea,Graben,2,2021-10-22
Read that data,Stephenie,Greendale,1,2021-10-02
Commandline commands,Ainsley,Milne,5,2021-07-29
Read that data,Ernestine,Sawdy,5,2021-08-02
Commandline commands,Chas,Stamper,3,2021-07-27
Read that data,Jephthah,Jadczak,5,2021-11-08
Hover kan je gaan,Llywellyn,Benjefield,1,2021-11-22
Maak een kattenwebsite,Franklin,Aumerle,1,2021-02-07
Maak een kattenwebsite,Quent,Deakins,3,2021-11-17
Hover kan je gaan,Gayel,Hebble,2,2021-07-06
Flex met boxen,Darlleen,Keegan,5,2021-08-27
Flex met boxen,Sheppard,Sargood,5,2021-10-30
Hover kan je gaan,Andee,Bonallack,1,2020-12-03
Commandline commands,Rory,Sutherington,2,2021-06-01
Maak een kattenwebsite,Gery,Eisikowitch,1,2020-12-27
Commandline commands,Katine,Larchier,5,2021-06-12
Hover kan je gaan,Keenan,Stagge,5,2021-05-28
Flex met boxen,Tawsha,Lugsdin,2,2021-10-09
Read that data,Tamarra,Snepp,2,2021-10-12
Maak een kattenwebsite,Niall,O'Loughlin,1,2021-10-22
Commandline commands,Allina,Burhill,4,2021-08-24
Read that data,Cassaundra,Skelhorne,5,2021-05-21
Read that data,Aldo,Filyukov,5,2021-03-22
Hover kan je gaan,Ellissa,Delyth,2,2021-01-20
Hover kan je gaan,Effie,Elflain,3,2021-07-16
Read that data,Electra,Gounard,4,2021-11-05
Commandline commands,Raoul,McGrann,5,2021-03-31
Flex met boxen,Dolley,Hampstead,3,2020-12-23
Read that data,Hartley,Busswell,1,2021-05-01
Maak een kattenwebsite,Justino,Askwith,5,2021-03-15
Commandline commands,Chip,Devinn,1,2020-12-04
Maak een kattenwebsite,Carlye,Donaher,2,2021-06-05
Flex met boxen,Lark,Jeffreys,4,2021-05-08
Commandline commands,Del,Duffree,1,2021-07-27
Hover kan je gaan,Flint,Zanolli,3,2021-03-27
Commandline commands,Cicily,Gammill,3,2021-08-01
Hover kan je gaan,Karlen,Corington,2,2021-07-21
Flex met boxen,Ezri,Craske,5,2021-07-10
Read that data,Phelia,Reddan,5,2021-06-15
Maak een kattenwebsite,Zack,Yvens,3,2021-11-24
Maak een kattenwebsite,Terri,Eastmond,2,2021-11-26
Commandline commands,Aimil,Breede,4,2021-06-06
Read that data,Beltran,Swansbury,4,2020-12-25
Read that data,Gabrielle,L'Archer,1,2021-07-04
Maak een kattenwebsite,Ganny,Sillick,3,2021-05-05
Maak een kattenwebsite,Deborah,Wearing,3,2021-09-11
Maak een kattenwebsite,Kimberley,De Rechter,2,2020-12-17
Hover kan je gaan,Filip,Brunicke,2,2021-11-02
Commandline commands,Melina,Eixenberger,1,2021-11-17
Flex met boxen,Hazel,Ricards,4,2021-06-04
Commandline commands,Belicia,Duligal,5,2021-07-14
Read that data,Tobiah,Le Barr,5,2021-04-30
Read that data,Corbie,Gresser,1,2021-05-10
Read that data,Bourke,Glowacha,5,2021-02-01
Flex met boxen,Elnora,Esherwood,3,2021-01-25
Hover kan je gaan,Gardiner,Skelton,2,2021-01-08
Flex met boxen,Nicholle,Nystrom,3,2021-02-25
Read that data,Horatius,Schimaschke,1,2020-12-15
Hover kan je gaan,Myranda,Skillington,1,2021-05-17
Commandline commands,Sean,Caurah,2,2021-02-19
Hover kan je gaan,Marcelia,Behrens,4,2021-02-20
Hover kan je gaan,Sarette,Paybody,1,2020-12-02
Commandline commands,Oates,Lammerding,2,2021-02-07
Maak een kattenwebsite,Imogen,Easum,5,2021-02-05
Read that data,Aubrie,Cords,4,2021-01-24
Commandline commands,Lil,Carrabott,1,2021-07-17
Flex met boxen,Skipp,Favill,2,2021-04-11
Hover kan je gaan,Christie,Bawle,3,2021-07-10
Hover kan je gaan,Gay,Kubal,4,2021-02-11
Hover kan je gaan,Lynn,Curuclis,1,2021-04-04
Flex met boxen,Maridel,Fenemore,5,2021-02-06
Hover kan je gaan,Rusty,Colman,1,2021-05-18
Commandline commands,Amalee,Merali,5,2020-12-02
Maak een kattenwebsite,Deeyn,Bidmead,4,2021-01-18
Read that data,Cammi,Peasby,3,2021-03-11
Maak een kattenwebsite,Von,Aingell,5,2021-11-01
Flex met boxen,Cindy,Turville,5,2021-04-03
Commandline commands,Alane,Laban,5,2021-09-16
Hover kan je gaan,Jorge,Keiley,4,2021-01-18
Hover kan je gaan,Keefer,Luttgert,1,2021-07-04
Commandline commands,Ad,Uwins,3,2021-01-06
Flex met boxen,Clari,Pllu,3,2021-01-03
Flex met boxen,Amalia,Dyet,1,2020-12-16
Flex met boxen,Clemmie,Penny,4,2021-11-03
Maak een kattenwebsite,Adam,Gilbody,3,2021-08-07
Commandline commands,Boote,Syce,3,2021-05-06
Hover kan je gaan,Sutherlan,Denekamp,3,2021-03-12
Maak een kattenwebsite,Batholomew,Berrie,2,2021-06-03
Maak een kattenwebsite,Kori,Axton,3,2021-11-14
Maak een kattenwebsite,Carolee,Lagneaux,5,2021-04-05
Hover kan je gaan,Clementine,Redgrave,4,2021-10-03
Commandline commands,Thoma,Dudlestone,1,2021-06-15
Commandline commands,Justino,Koenraad,4,2021-08-25
Read that data,Quillan,Paynton,5,2021-07-12
Hover kan je gaan,Harriet,Creavin,4,2021-10-17
Read that data,Amata,Wicher,1,2021-09-19
Flex met boxen,Augustine,Kohter,2,2020-12-11
Read that data,Tyrone,Markushkin,2,2021-08-23
Hover kan je gaan,Cristi,Genike,5,2021-09-06
Flex met boxen,Odilia,Budge,3,2020-12-06
Flex met boxen,Ev,Rozzier,3,2021-10-27
Maak een kattenwebsite,Clerc,Caldecourt,1,2021-04-02
Read that data,Mamie,Poser,5,2021-08-27
Commandline commands,Nissie,Maddocks,5,2021-05-09
Hover kan je gaan,Angele,Gilbank,5,2020-12-02
Maak een kattenwebsite,Fidelity,Bernardeschi,2,2021-06-11
Hover kan je gaan,Jeffrey,Esby,3,2021-01-19
Flex met boxen,Erasmus,Yousef,4,2021-03-05
Maak een kattenwebsite,Shermy,Pales,1,2020-12-29
Commandline commands,Legra,Ribeiro,5,2021-07-03
Maak een kattenwebsite,Donelle,Fosh,4,2021-10-03
Maak een kattenwebsite,Lincoln,Condell,1,2021-10-07
Flex met boxen,Rozalie,Le Fevre,5,2021-05-26
Read that data,Irving,Oatley,1,2021-05-20
Hover kan je gaan,Jose,Jan,1,2021-11-28
Maak een kattenwebsite,Allistir,Milthorpe,4,2020-12-13
Maak een kattenwebsite,Fawne,Leadley,3,2021-08-09
Hover kan je gaan,Rhianon,Castro,2,2021-08-29
Hover kan je gaan,Andree,Eborn,4,2020-12-08
Hover kan je gaan,Geralda,Ingry,3,2020-12-21
Hover kan je gaan,Meta,Rutherfoord,4,2021-06-02
Maak een kattenwebsite,Bertine,Gligorijevic,3,2021-04-21
Maak een kattenwebsite,Lurette,Gerssam,5,2021-08-12
Commandline commands,Nissy,Aikman,5,2020-12-27
Hover kan je gaan,Kathi,Eyeington,4,2021-02-14
Hover kan je gaan,Ric,Ximenez,4,2021-01-23
Maak een kattenwebsite,Olav,Checkley,2,2021-06-09
Hover kan je gaan,Randolph,Scipsey,4,2021-04-17
Maak een kattenwebsite,Francisco,Laidlaw,1,2021-11-02
Commandline commands,Wylma,Morant,1,2021-05-08
Read that data,Dedie,Rubertis,1,2021-06-30
Maak een kattenwebsite,Farrel,Joll,4,2021-02-12
Commandline commands,Brennan,Spieck,2,2021-01-27
Maak een kattenwebsite,Mandy,Hartley,3,2021-04-29
Commandline commands,Elsbeth,Hundell,2,2021-05-21
Hover kan je gaan,Jeanie,Hollerin,1,2021-05-03
Read that data,Eve,Magner,3,2021-09-07
Read that data,Bettye,Nezey,2,2021-06-22
Commandline commands,Blondelle,Toner,4,2021-11-19
Read that data,Domeniga,Cathee,2,2021-08-22
Flex met boxen,Teriann,Wilmington,5,2021-05-20
Flex met boxen,Tades,Plait,4,2021-05-16
Read that data,Klaus,Gruszka,1,2021-07-06
Hover kan je gaan,Keelby,Klemt,4,2021-01-25
Maak een kattenwebsite,Lukas,Francis,1,2021-05-17
Commandline commands,Drucy,Kaine,2,2021-07-13
Hover kan je gaan,Astrix,Shee,1,2021-04-12
Flex met boxen,Delmer,Kittles,3,2021-07-02
Maak een kattenwebsite,Joan,Blais,5,2021-01-13
Hover kan je gaan,Dela,Chadderton,3,2021-11-05
Hover kan je gaan,Kirsti,Fairy,2,2021-08-05
Commandline commands,Mason,Booeln,2,2021-09-01
Commandline commands,Frans,Doneld,1,2020-12-27
Commandline commands,Angeline,Chidgey,3,2021-04-22
Commandline commands,Eloise,Yoseloff,3,2021-02-20
Commandline commands,Elnar,Plumb,3,2021-05-09
Read that data,Shaylynn,Simion,4,2021-07-06
Hover kan je gaan,Anastasia,Kilfedder,3,2021-09-01
Flex met boxen,Paulie,Sandison,5,2021-04-14
Commandline commands,Mord,Freeburn,5,2021-10-31
Maak een kattenwebsite,Laural,Bruntje,5,2021-07-08
Maak een kattenwebsite,Stacia,Beeckx,4,2021-10-26
Read that data,Theresa,MacAlees,4,2021-05-27
Commandline commands,Teador,Luter,5,2020-12-11
Commandline commands,Emlyn,Pelcheur,3,2021-07-12
Hover kan je gaan,Fitz,Chisman,2,2021-09-16
Commandline commands,Kele,Harbron,1,2021-03-07
Flex met boxen,Genia,Rabbage,4,2021-11-24
Read that data,Murial,Blundin,1,2021-05-25
Read that data,Catrina,Lansberry,2,2021-06-08
Flex met boxen,Felicity,Neward,3,2021-06-11
Maak een kattenwebsite,Dolley,Dudeney,4,2021-01-10
Flex met boxen,Darrin,Elms,3,2021-07-29
Hover kan je gaan,Lin,Blanch,5,2021-05-12
Hover kan je gaan,Rosanne,Sullens,4,2021-08-31
Commandline commands,Tilda,Chasles,4,2021-11-28
Commandline commands,Frederique,Guilfoyle,4,2021-08-09
Read that data,Juana,Shitliff,2,2021-06-01
Hover kan je gaan,Randie,Andresser,1,2021-06-30
Maak een kattenwebsite,Nessy,Starzaker,4,2021-05-21
Maak een kattenwebsite,Nelson,MacRory,4,2021-12-02
Hover kan je gaan,Aubine,Gotmann,5,2020-12-10
Maak een kattenwebsite,Melany,Mealiffe,2,2020-12-24
Maak een kattenwebsite,Danyelle,Asey,1,2021-04-05
Commandline commands,Emelyne,Gresser,3,2021-02-22
Commandline commands,Vanda,Matzel,1,2021-06-04
Maak een kattenwebsite,Avery,Mirams,2,2021-08-25
Flex met boxen,Shell,Eyre,5,2021-09-19
Flex met boxen,Quincy,Giddy,5,2021-08-08
Maak een kattenwebsite,Genevra,Gilston,1,2021-01-01
Read that data,Sileas,Lambin,1,2021-02-14
Read that data,Kile,Thomelin,4,2021-03-11
Maak een kattenwebsite,Bevin,Rachuig,4,2021-01-28
Read that data,Dell,Iredell,5,2021-04-13
Maak een kattenwebsite,Jacquelin,Lahiff,2,2021-08-22
Commandline commands,Emelyne,Ellens,2,2021-08-02
Commandline commands,Miguel,Swatton,1,2021-11-19
Hover kan je gaan,Oralle,Dict,3,2021-07-09
Commandline commands,Ninette,Withams,5,2021-07-18
Read that data,Dorelia,Jillions,4,2021-01-05
Commandline commands,Rochell,Culcheth,5,2021-02-20
Hover kan je gaan,Aurlie,Scotchmor,2,2021-01-03
Hover kan je gaan,Smith,Tooley,1,2021-04-25
Read that data,Micky,Laffan,3,2021-09-04
Commandline commands,Virginie,Stutter,4,2021-07-22
Flex met boxen,Ingrid,Headly,4,2021-05-14
Maak een kattenwebsite,Rosco,Murfin,5,2021-05-18
Flex met boxen,Nikola,Georgeson,5,2021-09-22
Commandline commands,Garrott,Powney,2,2021-08-06
Read that data,Colver,Waldock,4,2021-08-11
Maak een kattenwebsite,Brooke,Janda,1,2020-12-02
Hover kan je gaan,Shane,Brough,5,2021-09-26
Hover kan je gaan,Charmane,Aburrow,4,2021-10-16
Commandline commands,Rutger,Portman,2,2021-06-28
Commandline commands,Tallie,MacDearmaid,5,2021-07-01
Flex met boxen,Courtenay,Bedells,5,2021-10-18
Commandline commands,Giacomo,Hartford,1,2021-08-31
Read that data,Adham,Litchmore,4,2021-11-22
Flex met boxen,Sher,Tillot,5,2021-11-15
Hover kan je gaan,Drona,Wickstead,4,2020-12-15
Maak een kattenwebsite,Denna,Pashenkov,2,2021-02-14
Read that data,Dorisa,Parkin,2,2021-07-08
Flex met boxen,Mireielle,Hanhart,5,2021-09-16
Hover kan je gaan,Sayres,Windham,1,2021-01-13
Hover kan je gaan,Kaleena,Kolyagin,1,2021-05-01
Hover kan je gaan,Sutherlan,McInility,3,2020-12-27
Read that data,Cobb,Pharaoh,5,2021-05-31
Flex met boxen,Stearn,Treverton,5,2021-02-01
Read that data,Abdel,Radish,2,2021-08-04
Maak een kattenwebsite,Wilmette,Thorald,3,2021-05-11
Flex met boxen,Carry,Stare,4,2021-07-16
Hover kan je gaan,Dasie,Bisiker,3,2021-09-23
Flex met boxen,Linn,Stolberger,5,2021-10-10
Flex met boxen,Meggy,Puttergill,4,2020-12-16
Flex met boxen,Oralie,Pulhoster,4,2021-02-15
Maak een kattenwebsite,Elmo,Budding,5,2021-05-26
Commandline commands,Chalmers,Hamberstone,5,2021-11-21
Flex met boxen,Charmian,Treske,5,2021-01-14
Maak een kattenwebsite,Osmund,Besantie,3,2021-02-26
Hover kan je gaan,Lulita,Belcham,3,2021-02-28
Read that data,Maiga,Dand,3,2021-08-05
Read that data,Ciro,MacNeish,1,2021-09-18
Read that data,Ddene,Jeffcoat,5,2021-02-10
Hover kan je gaan,Millard,Clapp,1,2021-03-01
Commandline commands,Niel,Bougen,3,2021-02-14
Commandline commands,Konstantin,Pharaoh,5,2021-11-07
Maak een kattenwebsite,Maris,Pieroni,3,2021-03-14
Commandline commands,Wilbur,Pettersen,1,2021-05-27
Maak een kattenwebsite,Ernst,Chalcraft,5,2021-10-12
Maak een kattenwebsite,Marley,Ruckhard,5,2021-10-17
Read that data,Kittie,Cocci,1,2021-04-23
Maak een kattenwebsite,Annabella,Godfery,2,2021-11-09
Flex met boxen,Carson,Pudsey,5,2021-09-28
Read that data,Hendrik,Truggian,3,2021-02-25
Commandline commands,Carie,Stopper,3,2021-03-13
Flex met boxen,Vivienne,Drinnan,4,2021-08-14
Maak een kattenwebsite,Ossie,Longbottom,5,2021-06-17
Maak een kattenwebsite,Helsa,Isgate,3,2021-04-26
Hover kan je gaan,Ilene,Bare,1,2021-02-07
Maak een kattenwebsite,Heath,Babalola,3,2021-03-04
Hover kan je gaan,Devina,Ponceford,5,2021-09-12
Read that data,Pasquale,Bernier,2,2021-01-04
Hover kan je gaan,Kerstin,Surby,1,2021-06-14
Maak een kattenwebsite,Charita,Dragonette,1,2020-12-29
Maak een kattenwebsite,Pembroke,MacDonough,3,2021-09-29
Maak een kattenwebsite,Carmon,Wayon,5,2021-05-21
Flex met boxen,Nerissa,Jeannot,1,2021-01-14
Flex met boxen,Jonis,Sixsmith,1,2021-03-14
Hover kan je gaan,Paulita,Royson,3,2021-06-15
Commandline commands,Yasmin,Briscoe,5,2021-01-10
Flex met boxen,Briny,Snasel,4,2021-01-29
Read that data,Reinald,Jacketts,1,2021-08-12
Commandline commands,Adoree,Machin,5,2021-07-01
Read that data,Aleta,Mycock,2,2021-07-15
Maak een kattenwebsite,Ronica,Deplacido,5,2021-07-15
Flex met boxen,Ruthe,Lorey,5,2020-12-19
Commandline commands,Donielle,Crosland,2,2021-02-13
Hover kan je gaan,Roxi,Candelin,3,2021-10-28
Read that data,Jacquelyn,Benfell,5,2021-06-30
Flex met boxen,Babette,Caudwell,4,2021-03-18
Commandline commands,Benito,Janca,4,2021-02-06
Flex met boxen,Diane,Blackmoor,2,2021-02-19
Hover kan je gaan,Hadleigh,Ilchuk,3,2021-07-28
Commandline commands,Neila,Laweles,1,2021-11-12
Read that data,Norry,Pitts,3,2021-08-02
Read that data,Barbi,Shovelbottom,5,2021-05-18
Maak een kattenwebsite,Orel,Malby,3,2021-08-11
Read that data,Westbrooke,Eastman,1,2021-10-14
Hover kan je gaan,Marika,Noirel,4,2021-11-25
Read that data,Magdalen,Leese,4,2021-01-14
Flex met boxen,Essie,Edlin,3,2021-10-17
Maak een kattenwebsite,Eirena,Duinbleton,4,2021-07-07
Maak een kattenwebsite,Augustus,Terrazzo,3,2021-02-18
Flex met boxen,Cornelle,Weinberg,5,2021-08-20
Hover kan je gaan,Annemarie,Gounin,3,2020-12-11
Maak een kattenwebsite,Glenden,Coll,5,2021-04-26
Hover kan je gaan,Shalom,Moorerud,3,2021-06-13
Maak een kattenwebsite,Kenyon,Nutting,4,2021-09-23
Read that data,Edeline,Leedes,2,2021-05-22
Flex met boxen,Minda,Lundbech,1,2021-03-28
Commandline commands,Anstice,Baptiste,4,2021-02-20
Maak een kattenwebsite,Meryl,Cahan,4,2021-10-04
Read that data,Ingra,O'Fogerty,1,2021-04-03
Flex met boxen,Chelsey,Franey,4,2021-02-07
Maak een kattenwebsite,Esta,Mc Mechan,4,2021-10-25
Maak een kattenwebsite,Peggy,Wank,4,2021-11-14
Maak een kattenwebsite,Giraud,Clausewitz,3,2021-11-12
Hover kan je gaan,Jammal,Lempertz,1,2021-03-31
Read that data,Walther,Baldree,4,2021-03-27
Flex met boxen,Thacher,Hundall,4,2021-03-08
Read that data,Eberto,Peer,3,2021-07-30
Hover kan je gaan,Hermione,Meindl,1,2020-12-19
Read that data,Zacharie,Luxmoore,1,2021-11-05
Commandline commands,Andrus,Conway,3,2021-06-11
Flex met boxen,Bride,Wagstaffe,5,2021-11-21
Maak een kattenwebsite,Gran,Eteen,2,2021-08-04
Maak een kattenwebsite,Ambur,Metherell,5,2021-05-11
Read that data,Joella,Stirley,4,2021-10-20
Flex met boxen,Ezri,Pothecary,4,2021-06-21
Flex met boxen,Karissa,Willwood,2,2020-12-31
Commandline commands,Madelin,Vasilkov,1,2021-07-11
Flex met boxen,Dallas,Longthorn,1,2021-01-20
Read that data,Ogden,Coombes,1,2021-11-07
Maak een kattenwebsite,Barnebas,Popeley,3,2021-07-29
Hover kan je gaan,Iggy,Chasmor,2,2021-11-11
Flex met boxen,Jodi,Rookeby,4,2021-06-30
Flex met boxen,Margret,Calder,5,2021-07-22
Maak een kattenwebsite,Juline,Apps,1,2021-02-08
Hover kan je gaan,Roman,O'Luney,5,2021-11-01
Hover kan je gaan,Zaccaria,Botfield,4,2021-02-27
Read that data,Shurwood,Rosiello,5,2021-11-08
Maak een kattenwebsite,Elwyn,Base,4,2021-03-18
Read that data,Danya,Lygo,4,2020-12-10
Flex met boxen,Tye,Conibere,5,2021-09-13
Commandline commands,Erika,Carleman,1,2021-05-24
Read that data,Emmett,January,2,2021-05-23
Hover kan je gaan,Sarine,Argrave,2,2020-12-29
Read that data,Dene,Posthill,3,2021-05-17
Flex met boxen,Barbra,Bolino,3,2021-10-26
Maak een kattenwebsite,Dirk,Cawthera,5,2021-11-10
Maak een kattenwebsite,Margaret,Gabler,5,2020-12-14
Flex met boxen,Reuven,Scarman,5,2021-05-02
Hover kan je gaan,Hannis,Slocom,4,2020-12-15
Commandline commands,Boony,Willes,5,2021-03-31
Commandline commands,Rabbi,Stodd,2,2021-10-24
Flex met boxen,Carma,Thorp,3,2021-02-12
Flex met boxen,Marjory,Buncom,5,2020-12-23
Commandline commands,Stillman,Errichiello,3,2021-09-06
Commandline commands,Emlen,MacDermid,1,2021-10-29
Flex met boxen,Field,Kilbane,2,2021-04-20
Hover kan je gaan,Ralina,Daunter,1,2021-10-24
Hover kan je gaan,Giulietta,Lindsell,4,2020-12-02
Maak een kattenwebsite,Cammi,Baccas,1,2021-07-24
Hover kan je gaan,Caresse,Muehler,5,2021-08-18
Maak een kattenwebsite,Talyah,Tomini,5,2021-01-27
Hover kan je gaan,Tiffie,Dreinan,3,2021-07-07
Hover kan je gaan,Abba,Smee,4,2021-02-14
Hover kan je gaan,Reynolds,Sproule,1,2021-11-21
Commandline commands,Simonette,Nowick,2,2021-09-22
Commandline commands,Georgy,Pembry,1,2021-03-12
Read that data,Cobbie,Hoyes,4,2021-11-07
Flex met boxen,Elysha,McCulley,4,2021-03-07
Flex met boxen,Marie-jeanne,Clawsley,5,2021-11-20
Read that data,Raye,Di Iorio,5,2021-06-06
Read that data,Karoly,Fudger,5,2021-10-08
Maak een kattenwebsite,Waring,Cyseley,1,2021-02-15
Read that data,Zita,Scurry,1,2021-02-22
Flex met boxen,Wanda,Beushaw,4,2020-12-07
Commandline commands,Gale,Drowsfield,3,2020-12-16
Commandline commands,Mariellen,Kirrage,5,2021-04-04
Commandline commands,Hobard,Eynald,2,2021-10-04
Flex met boxen,Dorelia,Peskin,1,2021-03-05
Read that data,Chrystel,Bassano,3,2020-12-05
Read that data,Noach,Watman,4,2021-11-17
Maak een kattenwebsite,Luelle,Gilmartin,1,2021-10-11
Commandline commands,Quincy,Asquez,3,2021-11-24
Maak een kattenwebsite,Marielle,Fisk,5,2021-07-05
Flex met boxen,Vern,Marcinkus,5,2021-08-02
Commandline commands,Camey,Dumingos,5,2021-03-18
Hover kan je gaan,Danice,Maddrell,3,2021-07-24
Read that data,Timmie,Sappy,4,2021-09-10
Read that data,Marcelline,Karpinski,4,2021-05-02
Maak een kattenwebsite,Lorenzo,Matteau,1,2021-07-15
Hover kan je gaan,Pansy,Mersh,3,2021-08-29
Commandline commands,Hogan,Blackman,2,2021-10-19
Maak een kattenwebsite,Diego,Duxbarry,3,2021-08-07
Read that data,Farrah,Enevold,2,2021-07-31
Read that data,Ogden,Garlant,2,2021-05-01
Hover kan je gaan,Dew,Crilly,4,2021-11-16
Read that data,Marcy,Palley,4,2021-06-29
Read that data,Tanny,Besse,3,2021-03-02
Maak een kattenwebsite,Nolan,Deery,1,2021-03-25
Commandline commands,Odessa,Watters,4,2021-10-20
Hover kan je gaan,Larisa,Josefsson,2,2021-04-12
Commandline commands,Derk,Dayes,2,2021-06-15
Maak een kattenwebsite,Bambie,Berget,3,2021-05-07
Hover kan je gaan,Cherie,Ivanyukov,4,2021-03-04
Flex met boxen,Bernadene,Padmore,2,2021-01-11
Hover kan je gaan,Bald,Edwicke,4,2021-07-20
Hover kan je gaan,Sharai,Doy,5,2021-03-16
Commandline commands,Katalin,Donnachie,4,2021-02-06
Hover kan je gaan,Lynnet,Philp,1,2020-12-18
Flex met boxen,Tersina,Foulcher,5,2021-02-23
Commandline commands,Orion,Tomney,2,2021-05-24
Commandline commands,Violette,McCrea,1,2021-01-18
Commandline commands,Kordula,Monkeman,3,2021-01-03
Hover kan je gaan,Yves,Fritchly,3,2021-06-02
Hover kan je gaan,Maxy,Jedraszek,2,2021-08-23
Flex met boxen,Fredrika,Simak,5,2021-08-22
Maak een kattenwebsite,Jacquetta,Scarborough,1,2021-04-03
Read that data,Latrina,Broschek,3,2021-11-30
Flex met boxen,Norina,Presman,5,2021-11-16
Read that data,Loria,Floodgate,5,2021-08-06
Hover kan je gaan,Ashlee,Janecki,5,2021-05-01
Hover kan je gaan,Germain,Gwioneth,4,2020-12-01
Hover kan je gaan,Courtney,Gillhespy,1,2021-09-06
Maak een kattenwebsite,Westley,Cantillon,2,2021-02-10
Read that data,Junia,Avrahamoff,3,2021-09-30
Commandline commands,Lisetta,Rosenwasser,4,2021-07-27
Hover kan je gaan,Lyndsey,McGairl,4,2021-10-07
Read that data,Lauritz,Dugan,3,2020-12-29
Read that data,Boy,Romi,1,2021-01-31
Maak een kattenwebsite,Francene,Lorden,4,2020-12-03
Commandline commands,Paxon,Waddell,2,2021-05-23
Commandline commands,Jermaine,Kennea,1,2021-02-27
Hover kan je gaan,Marlee,Fothergill,5,2021-09-16
Commandline commands,Justina,Finlow,4,2021-09-03
Maak een kattenwebsite,Elvira,Brugden,3,2021-04-04
Flex met boxen,Janina,Bamb,3,2021-11-12
Flex met boxen,Tana,Keniwell,5,2021-09-08
Hover kan je gaan,Monika,Pietruszka,1,2021-08-21
Hover kan je gaan,Dael,Bullus,1,2021-07-22
Flex met boxen,Kiley,Mawson,3,2021-10-29
Maak een kattenwebsite,Shanda,Hukin,5,2021-11-07
Hover kan je gaan,Susan,Bartczak,1,2021-09-26
Hover kan je gaan,Janeva,Murdy,3,2021-08-16
Maak een kattenwebsite,Debby,Tomlett,1,2021-01-14
Read that data,Wilbert,Schiell,1,2021-04-26
Maak een kattenwebsite,Rudie,Epinoy,5,2021-03-10
Flex met boxen,Lola,Himpson,3,2021-09-24
Flex met boxen,Loraine,Demchen,3,2021-01-04
Flex met boxen,Kathy,Clutterham,3,2020-12-29
Maak een kattenwebsite,Meier,Scutching,1,2021-04-25
Read that data,Gerrie,Swyer,5,2020-12-29
Hover kan je gaan,Friedrick,Ricioppo,5,2021-04-18
Commandline commands,Adda,McColl,5,2021-10-19
Flex met boxen,Artair,Mitchard,5,2021-10-03
Read that data,Andie,Neubigin,5,2021-06-15
Read that data,Morgen,Hayhoe,2,2021-05-11
Read that data,Lucita,Edens,2,2021-03-06
Flex met boxen,Barbara-anne,Rayman,3,2021-03-23
Hover kan je gaan,Kizzie,Walls,5,2021-11-27
Commandline commands,Abbot,Slimming,3,2021-04-10
Maak een kattenwebsite,Twyla,Lockley,3,2021-06-15
Flex met boxen,Winnie,Flasby,4,2020-12-02
Maak een kattenwebsite,Waldo,Stawell,5,2021-01-31
Maak een kattenwebsite,Tait,Woolager,3,2021-01-17
Read that data,Jordanna,Dell 'Orto,5,2021-11-10
Flex met boxen,Krista,Enoksson,5,2021-10-19
Commandline commands,Corrine,Krzysztof,1,2021-03-06
Hover kan je gaan,Leodora,Mil,5,2021-05-12
Hover kan je gaan,Isobel,De Antoni,1,2021-03-16
Flex met boxen,Quill,Golden of Ireland,5,2021-07-29
Maak een kattenwebsite,Zared,Debrick,1,2021-06-26
Hover kan je gaan,Budd,Wooff,2,2021-03-13
Flex met boxen,Rand,Thewlis,3,2021-09-05
Commandline commands,Konstanze,Siemandl,3,2021-07-04
Flex met boxen,Coreen,McElrath,3,2021-02-13
Commandline commands,Andres,O'Mailey,3,2021-08-18
Read that data,Anallese,Toulamain,5,2021-05-28
Maak een kattenwebsite,Arlina,Vesty,2,2021-07-30
Commandline commands,Brendis,Haskayne,1,2021-08-26
Flex met boxen,Hersh,Long,5,2021-09-05
Commandline commands,Rickey,Colquitt,2,2021-06-10
Read that data,Roda,Dalinder,3,2021-10-16
Flex met boxen,Hannis,Amthor,4,2021-08-21
Commandline commands,Jeno,Raiker,2,2021-09-28
Hover kan je gaan,Imelda,Wenderoth,1,2021-04-27
Commandline commands,Ryley,Lorrimer,1,2021-03-27
Maak een kattenwebsite,Egor,Clilverd,3,2020-12-30
Hover kan je gaan,Oates,Rennels,4,2021-05-06
Commandline commands,Maurits,Drife,4,2021-03-29
Read that data,Gaylene,Cooke,4,2021-10-16
Flex met boxen,Fianna,Ballingal,5,2021-10-12
Commandline commands,Sherill,Driscoll,5,2021-02-03
Flex met boxen,Marlowe,Crates,2,2020-12-28
Maak een kattenwebsite,Aveline,Maharg,1,2021-04-11
Read that data,Doti,Muglestone,1,2021-07-22
Commandline commands,Guillemette,Undrill,5,2021-06-27
Read that data,Fannie,Guiness,4,2021-11-19
Commandline commands,Tiffie,Swindle,1,2021-03-13
Hover kan je gaan,Barbee,Gullan,5,2021-12-01
Read that data,Gale,Janosevic,2,2021-11-24
Commandline commands,Fred,O'Scandall,5,2021-07-25
Maak een kattenwebsite,Wilt,Blything,1,2021-02-15
Commandline commands,Celeste,Surgen,3,2021-07-22
Commandline commands,Carla,Sarfatti,4,2021-09-05
Read that data,Mattie,Ankrett,5,2021-05-15
Maak een kattenwebsite,Joy,Wathan,2,2020-12-17
Read that data,Andra,Mealing,1,2021-06-02
Flex met boxen,Joellen,Richold,4,2021-04-17
Hover kan je gaan,Cy,Collacombe,4,2021-05-07
Hover kan je gaan,Edvard,Kaindl,3,2021-05-12
Flex met boxen,Eugenius,Punchard,1,2021-01-04
Flex met boxen,Chase,Ekell,1,2021-01-12